<?xml version="1.0"?>
<opencv_storage>
<calibration_Time>"Wed Nov 30 15:31:17 2016"</calibration_Time>
<nrOfFrames>25</nrOfFrames>
<image_Width>960</image_Width>
<image_Height>1280</image_Height>
<board_Width>9</board_Width>
<board_Height>6</board_Height>
<square_Size>50.</square_Size>
<FixAspectRatio>1.</FixAspectRatio>
<!-- flags:  +fix_aspectRatio +fix_principal_point +zero_tangent_dist -->
<flagValue>14</flagValue>
<Camera_Matrix type_id="opencv-matrix">
  <rows>3</rows>
  <cols>3</cols>
  <dt>d</dt>
  <data>
    9.0944439377935953e+02 0. 4.7950000000000000e+02 0.
    9.0944439377935953e+02 6.3950000000000000e+02 0. 0. 1.</data></Camera_Matrix>
<Distortion_Coefficients type_id="opencv-matrix">
  <rows>5</rows>
  <cols>1</cols>
  <dt>d</dt>
  <data>
    -3.8985014410571467e-01 1.4696778052841014e-01 0. 0.
    -3.8077021574260281e-02</data></Distortion_Coefficients>
<Avg_Reprojection_Error>1.7256280840530251e+00</Avg_Reprojection_Error>
<Per_View_Reprojection_Errors type_id="opencv-matrix">
  <rows>25</rows>
  <cols>1</cols>
  <dt>f</dt>
  <data>
    1.35405278e+00 1.53489375e+00 1.46805298e+00 2.35718107e+00
    1.67144060e+00 1.68683326e+00 1.91420639e+00 1.40067863e+00
    1.40362227e+00 1.29255736e+00 2.78916121e+00 2.46286654e+00
    1.96140361e+00 2.22318316e+00 1.24903572e+00 1.55713248e+00
    9.42239046e-01 1.39568186e+00 1.43050933e+00 1.43967593e+00
    1.43099248e+00 2.04624462e+00 1.27007282e+00 1.68135893e+00
    1.84084082e+00</data></Per_View_Reprojection_Errors>
<!-- a set of 6-tuples (rotation vector + translation vector) for each view -->
<Extrinsic_Parameters type_id="opencv-matrix">
  <rows>25</rows>
  <cols>6</cols>
  <dt>d</dt>
  <data>
    -3.1032676080837024e-01 -1.5507744408423826e-01
    -1.7490052209995738e-01 -5.1142232671988768e+02
    -2.2483483466651305e+02 1.1934055110208440e+03
    -2.9330619104540606e-01 1.6685629081606601e-01
    -1.0082948604272757e-01 -9.0130323689756636e+01
    -4.0013311441375447e+02 1.2950158848303518e+03
    -2.9235743955425475e-01 1.5561164690418799e-01
    -1.1870146780669420e-01 -7.4811052816753204e+01
    -4.0818183838417480e+02 1.3015147360705987e+03
    -1.6926054036874424e-01 -1.0636373847917588e-01
    -1.2792013307933586e-01 -1.0997139527087765e+02
    -5.0536096652431837e+02 1.1924234716652043e+03
    -1.1865967596971924e-01 -4.6856065691336546e-02
    -1.5604293011565173e-01 -2.5373698993793590e+02
    -5.8531113219628207e+02 1.2018729923871233e+03
    -8.9999401645216026e-02 -5.2636912725492008e-02
    -1.6729426502867212e-01 -3.0934136347658256e+02
    -5.9125214448111137e+02 1.1959117648769659e+03
    -1.8655134921202472e-02 -2.0092806449074505e-01
    -1.4198522888664292e-01 -5.2911335222586752e+02
    -7.9023787727189142e+02 1.2403563730648880e+03
    -7.0295050440264933e-02 -1.4252417902435432e-01
    -1.3518656920535374e-01 -5.8288748766018887e+02
    -9.2991399460952937e+02 1.3720403064724653e+03
    -8.5974336728685777e-02 -1.6592035256722776e-01
    -1.3719832783204938e-01 -5.5126071952238919e+02
    -9.4190556267611771e+02 1.4052806750120635e+03
    -1.0704896520061966e-01 -1.5769878971024709e-01
    -1.3915474231149674e-01 -6.0680493071512774e+02
    -9.6164499109697795e+02 1.4223860090734363e+03
    -1.7145396622605702e-01 -1.8162736704876292e-01
    -1.1642561595756150e-01 -7.8887066822115287e+02
    -1.0303261241664945e+03 1.4850165806776058e+03
    -1.0107378438798530e-01 9.1627248208188072e-02
    -3.9339991009677883e-01 -3.8966284687943772e+02
    -8.2418340641891814e+02 1.3807577745394319e+03
    -3.0164936304254275e-01 -3.8358540920667061e-01
    3.0635572842875072e+00 5.3908271291042624e+01 3.2063127731275347e+02
    9.4122831193252796e+02 -5.5057910602692706e-01
    -2.0095690395436225e-02 3.0119641295022173e+00
    -9.2181928614170999e+01 4.9649470147659571e+02
    1.2843162947662995e+03 -2.1233758320992896e-01
    -8.8935513024197707e-02 2.9518936087634939e+00
    4.0349201947570253e+02 6.4556071285274663e+02 1.2172909504402176e+03
    -2.3347552134180949e-01 7.6110642104125215e-02
    2.9270846391071772e+00 4.4348064776871047e+02 6.6854368800388897e+02
    1.2230469822988052e+03 -2.7512756521049142e-01
    -1.0102526266404142e-01 -1.1569014929341917e-01
    -3.4823118001609066e+02 -3.8982469768065300e+02
    1.5894150329946044e+03 -1.4247045078704576e-02
    -1.4819064643525187e-01 -2.3651357631577216e-01
    -6.7960301253522732e+02 -8.5264777525241425e+02
    1.7452423273847485e+03 6.4471585319078404e-03
    -1.5140565205718040e-01 -2.8615822883140440e-01
    -7.7395389870882673e+02 -8.3503633505600021e+02
    1.7531734082652504e+03 4.4280835852866123e-02
    -1.5017896035627867e-01 -3.2340514468112747e-01
    -8.4469160239959069e+02 -8.2820799341760778e+02
    1.7935407817298114e+03 5.7606012983916460e-02
    -1.4013272133278706e-01 -3.4222353416540491e-01
    -8.8880764902070155e+02 -8.2507302145269637e+02
    1.8179497607301553e+03 -4.2009629606617627e-01
    -9.1617019991776932e-02 -1.6339725464525636e+00
    -3.3018336220172796e+02 4.0527468018466914e+02
    5.1188017888503788e+02 -3.6638729334107317e-01
    -1.4447299613673775e-01 -1.6165658906629463e+00
    -3.7852861789255326e+02 4.5117588540642851e+02
    6.4934115485716427e+02 5.9955771285970061e-01 5.5479490957445965e-01
    1.3778390972178851e+00 4.5630862187300590e+02
    -2.2388741528376420e+02 1.2321971412522726e+03
    1.0468896884585094e-01 3.4721245150546497e-02
    -1.6600615938040710e+00 -7.9560213377113359e+02
    -4.9817343249205784e+01 1.4042120313716719e+03</data></Extrinsic_Parameters>
